0 0.501219512195122 0.4275510204081633 0.49390243902439024 0.4903061224489796 0.5847560975609756 0.49489795918367346 0.5853658536585366 0.4188775510204082
0 0.49390243902439024 0.4933673469387755 0.48292682926829267 0.5698979591836735 0.5810975609756097 0.5841836734693877 0.5841463414634146 0.4959183673469388
0 0.48109756097560974 0.5724489795918367 0.4689024390243902 0.6591836734693878 0.5810975609756097 0.6954081632653061 0.5798780487804878 0.5857142857142857
0 0.47317073170731705 0.6632653061224489 0.45670731707317075 0.7790816326530612 0.5804878048780487 0.835204081632653 0.5829268292682926 0.6964285714285714
0 0.4560975609756098 0.7811224489795918 0.43658536585365854 0.9255102040816326 0.5439024390243903 0.9989795918367347 0.5780487804878048 0.9994897959183674 0.5798780487804878 0.835204081632653
1 0.40656963021243114 0.4402567478604345 0.39427616050354053 0.4916886109282423 0.4901652242328875 0.49580315997366686 0.4995082612116443 0.4361421988150099
1 0.39624311565696296 0.49292297564186965 0.38149095200629424 0.5505266622778143 0.4813139260424862 0.5645161290322581 0.49164044059795436 0.49786043449637923
1 0.3790322580645161 0.5534068466096116 0.36182140047206923 0.6155365371955234 0.4700039339103068 0.6472185648452929 0.48082218725413056 0.5649275839368005
1 0.3637883556254917 0.6192396313364056 0.34461054287962234 0.6937129690585913 0.45869394177812745 0.7476135615536537 0.4719708890637293 0.6472185648452929
1 0.34166011014948855 0.6982389730085582 0.3185483870967742 0.7858788676761027 0.4419748229740361 0.8739302172481896 0.46115263571990556 0.7513166556945359
1 0.2580645161290322 0.6632653061224489 0.22216758457907157 0.7307439104674127 0.3151062155782848 0.7887590520079 0.3406766325727773 0.696181698485846
1 0.2836349331235248 0.5941408821593154 0.25462234461054284 0.6575049374588545 0.3406766325727773 0.6933015141540487 0.360837922895358 0.6180052666227781
1 0.3018292682926829 0.5394173798551679 0.2826514555468135 0.5892034233048058 0.36132966168371355 0.6159479921000658 0.3790322580645161 0.5488808426596444
1 0.32199055861526354 0.4888084265964451 0.3018292682926829 0.5348913759052009 0.3800157356412273 0.5488808426596444 0.3928009441384736 0.49045424621461486
1 0.33428402832415416 0.44149111257406193 0.31953186467348543 0.4851053324555629 0.3952596380802517 0.4912771560236998 0.4050944138473642 0.43943383805134956