0 0.5042873475609755 0.4208785076530613 0.49999999999999994 0.49262595663265313 0.602419969512195 0.4918287627551021 0.600514481707317 0.4065290178571429
0 0.5009527439024389 0.4954161352040817 0.4980945121951219 0.5719467474489796 0.6052782012195121 0.5902822066326531 0.6038490853658536 0.4930245535714286
0 0.4990472560975609 0.5751355229591837 0.49571265243902435 0.6604352678571429 0.6071836890243901 0.7010921556122449 0.6043254573170731 0.5906808035714286
0 0.4961890243902438 0.6656170280612245 0.49285442073170727 0.7648676658163265 0.6171874999999999 0.8310347576530612 0.6119474085365852 0.703483737244898
0 0.4909489329268292 0.7700494260204082 0.4857088414634146 0.8868383290816326 0.6186166158536585 0.9832987882653061 0.6138528963414633 0.8298389668367347
1 0.4104420731707316 0.4424027423469388 0.4047256097560975 0.4958147321428572 0.4990472560975609 0.4966119260204082 0.5042873475609755 0.4320392219387756
1 0.40710746951219506 0.4982063137755103 0.4018673780487804 0.5532126913265306 0.49666539634146334 0.5671635841836735 0.5014291158536585 0.4982063137755103
1 0.4004382621951219 0.5552056760204082 0.39186356707317066 0.6149952168367347 0.4947599085365853 0.6476801658163265 0.4990472560975609 0.5691565688775511
1 0.39186356707317066 0.6189811862244898 0.3861471036585365 0.6843510841836735 0.4919016768292682 0.7365672831632653 0.49380716463414626 0.6492745535714286
1 0.3851943597560975 0.6899314413265306 0.3747141768292682 0.7632732780612245 0.48475609756097554 0.8441884566326531 0.49237804878048774 0.7409518494897959
1 0.3425276115968707 0.45100115517905276 0.33619995398067193 0.49456103195995377 0.4037908421537046 0.49600500577589524 0.4095432581684308 0.4425779745860608
1 0.3382132995858261 0.49648633038120904 0.3295846755637368 0.5438968040046207 0.398613667740451 0.5532826338082403 0.4066670501610677 0.496726992683866
1 0.3295846755637368 0.5463034270311898 0.3198055683387023 0.5937139006546015 0.39113552692130693 0.6156141701963804 0.3989012885411873 0.5530419715055833
1 0.3198055683387023 0.5963611859838274 0.3091635987114588 0.6490662302656911 0.38106879889553613 0.685165575664228 0.390272664519098 0.6180207932229496
1 0.3097388403129314 0.6517135155949172 0.2965082834790612 0.7089911436272621 0.3721525540727106 0.7592895648825567 0.38135641969627243 0.6863688871775125