0 0.4550453910614524 0.004189944134078195 0.49650837988826807 0.3052451893234016 0.7588163407821228 0.2742085661080074 0.7767108938547486 0.004965859714463052
0 0.4969448324022346 0.31145251396648044 0.5370984636871508 0.606300434512725 0.744413407821229 0.6319056486654252 0.7592527932960893 0.28274363749224085
0 0.541026536312849 0.6187150837988826 0.5667772346368715 0.8095903165735567 0.7339385474860334 0.8421787709497206 0.7465956703910613 0.6357852265673495
0 0.5667772346368715 0.8157976412166354 0.5833624301675977 0.9430477963997517 0.7239001396648044 0.9826194909993791 0.733502094972067 0.84528243327126
1 0.23420041899441335 0.319211669770329 0.3131983240223463 0.5535381750465549 0.5292423184357541 0.5659528243327127 0.4908344972067038 0.2796399751707014
1 0.31276187150837986 0.5589695841092489 0.36731843575418993 0.722687771570453 0.5584846368715083 0.7583798882681563 0.5305516759776536 0.5675046554934823
1 0.36731843575418993 0.7296710117939167 0.4070356145251396 0.8507138423339539 0.577252094972067 0.9003724394785847 0.5589210893854748 0.7692427063935443
1 0.046962290502793255 0.34404096834264425 0.14079958100558657 0.541899441340782 0.309270251396648 0.5496585971446306 0.23070879888268153 0.31843575418994413
1 0.13250698324022342 0.0003103662321539247 0.2381284916201117 0.31145251396648044 0.4908344972067038 0.2718808193668529 0.4532995810055865 0.0010862818125387808 0.3642108938547498 0.0 0.12988826815642457 0.0 0.13294343575418993 0.0
1 0.0024441340782122506 0.003414028553693339 0.00026187150837984864 0.2478274363749224 0.04390712290502789 0.3401613904407201 0.23201815642458098 0.31455617628801985 0.12901536312849157 0.0010862818125387808
1 0.14385474860335193 0.5457790192427063 0.21106843575418993 0.6947548106765984 0.365572625698324 0.7203600248292984 0.30883379888268153 0.5574177529484792
1 0.21325069832402233 0.7001862197392923 0.26562499999999994 0.8134698944754809 0.4044168994413407 0.8468342644320297 0.3620810055865921 0.7273432650527621